=~=~=~=~=~=~=~=~=~=~=~= PuTTY log 2024.09.19 12:54:59 =~=~=~=~=~=~=~=~=~=~=~=
Angle(Degrees)	Distance(m)
  0    42
002    76
004    50
006    35
008    28
010    28
012    30
014    32
016    28
018    32
020    34
022    28
024    31
026    49
028    53
030    71
032    30
034    35
036    42
038    51
040    42
042    83
044    82
046    81
048    81
050    68
052    63
054    82
056    50
058    81
060    61
062    80
064    58
066    81
068    61
070    55
072    62
074    81
076    86
078    63
080    90
082    87
084    88
086    77
088    88
090    82
092    82
094    62
096    79
098    80
100    71
102    71
104    78
106    78
108    78
110    75
112    65
114    79
116    38
118    69
120    58
122    56
124    48
126    31
128    31
130    29
132    36
134    28
136    29
138    28
140    28
142    32
144    30
146    37
148    58
150    64
152    81
154    84
156   135
158    78
160    48
162    32
164    29
166    38
168    34
170    54
172    55
174    57
176    63
178    61
180    60
  0    76
002   142
004    34
006    34
008    45
010    83
012    56
014    44
016    51
018    28
020    36
022    28
024    40
026    47
028    35
030    36
032    37
034    36
036    35
038    35
040    35
042    34
044    34
046    34
048    34
050    34
052    33
054    34
056    34
058    34
060    34
062    34
064    34
066    34
068    35
070    35
072    36
074    36
076    37
078   117
080    83
082   145
084    80
086    64
088    98
090   101
092    96
094    95
096    94
098    78
100   124
102    96
104    96
106    94
108   142
110    96
112    96
114   108
116    61
118    64
120    78
122    54
124    64
126    66
128    49
130    48
132    63
134    29
136    36
138    33
140    35
142    64
144    49
146    60
148    67
150   104
152   145
154   143
156   142
158    58
160    40
162    31
164    31
166    29
168    35
170    35
172    47
174    50
176    66
178    58
180    53
Angle(Degrees)	Distance(m)
  0     0
002     0
004     0
006     0
008     0
010     0
012     0
014     0
016     0
018     0
020     0
022     0
024     0
026     0
028     0
030     0
032     0
034     0
036     0
038     0
040     0
042     0
044     0
046     0
048     0
050     0
052     0
054     0
056     0
058     0
060     0
062     0
064     0
066     0
068     0
070     0
072     0
074     0
076     0
078     0
080     0
082     0
084     0
086     0
088     0
090     0
092     0
094     0
096     0
098     0
100     0
102     0
104     0
106     0
108     0
110     0
112     0
114     0
116     0
118     0
120     0
122     0
124     0
126     0
128     0
130     0
132     0
134     0
136     0
138     0
140     0
142     0
144     0
146     0
148     0
150     0
152     0
154     0
156     0
158     0
160     0
162     0
164     0
166     0
168     0
170     0
172     0
174     0
176     0
178     0
180     0
Angle(Degrees)	Distance(m)
  0 0.04051
002 0.01604
004 0.01745
006 0.02441
008 0.02484
010 0.02441
012 0.02439
014 0.02442
016 0.02407
018 0.02447
020 0.02447
022 0.02452
024 0.02455
026 0.02512
028 0.02549
030 0.02595
032 0.02645
034 0.02744
036 0.02795
038 0.02802
040 0.02814
042 0.05302
044 0.04642
046 0.04760
048 0.03893
050 0.05051
052 0.05422
054 0.05175
056 0.01828
058 0.01784
060 0.01646
062 0.01511
064 0.01463
066 0.01424
068 0.01450
070 0.01446
072 0.01398
074 0.01394
076 0.01347
078 0.01347
080 0.01307
082 0.01341
084 0.01307
086 0.01343
088 0.01346
090 0.01348
092 0.01353
094 0.01399
096 0.01423
098 0.01424
100 0.01460
102 0.01424
104 0.01469
106 0.01604
108 0.01659
110 0.01668
112 0.01878
114 0.09250
116 0.11405
118 0.08155
120 0.05630
122 0.10851
124 0.08709
126 0.07420
128 0.11162
130 0.07226
132 0.04769
134 0.05391
136 0.06903
138 0.06816
140 0.08012
142 0.06129
144 0.04925
146 0.05211
148 0.05669
150 0.02844
152 0.03507
154 0.03917
156 0.02951
158 0.02814
160 0.03124
162 0.03547
164 0.02799
166 0.02991
168 0.03095
170 0.02847
172 0.03061
174 0.02799
176 0.02818
178 0.03228
180 0.02806
Angle(Degrees)	Distance(m)
  0 0.48656
002 0.16083
004 0.16025
006 0.24412
008 0.25344
010 0.24882
012 0.24862
014 0.24888
016 0.24882
018 0.24880
020 0.24458
022 0.24411
024 0.24452
026 0.24463
028 0.24867
030 0.24508
032 0.24979
034 0.25110
036 0.25511
038 0.26817
040 0.28269
042 0.27876
044 0.28022
046 0.28116
048 0.32244
050 0.27872
052 0.34257
054 0.39043
056 0.50084
058 0.50933
060 0.36811
062 0.16961
064 0.50640
066 0.15555
068 0.14636
070 0.14591
072 0.14237
074 0.14491
076 0.14446
078 0.13932
080 0.13503
082 0.13472
084 0.13464
086 0.13455
088 0.13051
090 0.13467
092 0.13458
094 0.13473
096 0.13520
098 0.13996
100 0.14916
102 0.14551
104 0.14236
106 0.15569
108 0.33472
110 0.17456
112 0.16377
114 0.28083
116 0.81287
118 0.96047
120 0.69091
122 0.88839
124 0.80756
126 1.40370
128 0.85493
130 0.84022
132 0.75473
134 0.88285
136 0.72243
138 0.52742
140 0.41447
142 0.58231
144 0.54739
146 0.40535
148 0.52625
150 0.53803
152 0.68123
154 0.61290
156 0.40534
158 0.45794
160 0.48163
162 0.37509
164 0.52555
166 0.35584
168 0.43065
170 0.40986
172 0.35492
174 0.31775
176 0.54911
178 0.36849
180 0.29559
Angle(Degrees)	Distance(m)  0 0.32193002 0.14735004 0.17515006 0.24898008 0.24888010 0.24883012 0.24409014 0.24414016 0.24464018 0.24452020 0.24917022 0.24915024 0.24963026 0.25923028 0.25946030 0.26505032 0.27446034 0.27928036 0.28119038 0.53657040 0.44338042 0.28024044 0.28008046 0.38154048 0.35567050 0.35534052 0.17523054 0.28024056 0.15992058 0.15113060 0.14591062 0.14538064 0.14241066 0.14235068 0.13936070 0.13508072 0.13471074 0.13467076 0.13075078 0.13422080 0.13470082 0.13480084 0.13509086 0.13932088 0.13994090 0.14503092 0.14244094 0.14637096 0.14231098 0.30883100 0.17056102 0.17111104 0.28081106 0.59114108 1.07604110 0.96842112 1.39814114 1.30620116 1.01228118 1.30493120 0.97420122 1.28914124 1.09445126 0.71933128 0.48520130 0.61259132 0.63739134 0.61226136 0.47901138 0.44284140 0.40512142 0.38561144 0.42239146 0.41070148 0.28011150 0.29565152 0.29842154 0.31791156 0.31191158 0.28586160 0.27990162 0.28699164 0.31422166 0.31510168 0.31435170 0.34675172 0.28832174 0.28082176 0.31324178 0.28171180 0.29309Angle(Degrees)	Distance(m)  0 1.24329002 0.65171004 0.76523006 0.81505008 1.19213010 1.10835012 1.27019014 1.24274016 1.46593018 1.42196020 1.18302022 1.29989024 1.44742026 1.05031028 1.07506030 0.94737032 1.21622034 0.99330036 1.19476038 1.43582040 1.09966042 1.18646044 0.93557046 1.19225048 1.33718050 0.65918052 1.18122054 0.74748056 0.82988058 0.80101060 1.02246062 0.38682064 0.45008066 0.43553068 0.64697070 0.57360072 0.60431074 0.60438076 0.60475078 0.60436080 0.59887082 0.50994084 0.60345086 0.61711088 0.61284090 0.62431092 0.61394094 0.61039096 0.63614098 0.63236100 0.65424102 0.61775104 0.65286106 0.65606108 0.65553110 0.64721112 0.65567114 0.66403116 0.65998118 0.64677120 0.64182122 0.64681124 0.65597126 0.65621128 0.66547130 1.16425132 0.67098134 1.35956136 1.38451138 1.37272140 1.05493142 1.29047144 1.00139146 1.01966148 1.18235150 0.95005152 0.91854154 1.40022156 1.39063158 1.41131160 0.93467162 1.09580164 0.96661166 1.15069168 1.25833170 0.97982172 0.90721174 0.95539176 0.95142178 0.95884180 0.96314Angle(Degrees)	Distance(m)  0 1.09094002 0.94723004 0.51818006 0.80433008 0.61907010 1.02389012 0.71175014 0.68869016 1.03944018 0.91933020 0.97609022 1.43707024 0.96643026 1.14948028 1.22004030 0.54900032 1.34300034 0.53865036 0.52527038 0.53225040 0.53184042 0.52755044 0.53661046 0.52598048 0.52595050 0.52547052 0.50415054 0.51415056 0.45502058 0.52136060 0.52204062 0.51811064 0.49414066 0.41592068 0.43213070 0.45313072 0.55414074 0.54757076 0.54335078 0.74906080 0.92175082 0.80246084 0.75549086 1.00160088 0.90471090 0.61739092 0.82610094 0.67201096 0.83772098 0.67150100 1.01884102 1.01038104 1.00776106 1.01186108 1.02437110 1.04710112 1.04170114 1.03582116 1.31395118 1.44521120 1.04388122 1.02862124 0.81264126 1.17774128 1.21864130 1.42291132 0.82455134 1.18377136 1.18172138 1.07560140 1.17382142 1.14977144 1.12460146 1.17092148 1.13623150 1.10168152 1.13639154 1.12631156 1.03107158 1.19840160 1.16366162 1.00756164 0.98497166 0.97462168 0.94476170 0.95683172 0.95510174 0.96052176 0.95669178 0.96144180 0.95300  0 0.48064002 0.39359004 0.28895006 0.26395008 0.26877010 0.26448012 0.26829014 0.25895016 0.26292018 0.26246020 0.26196022 0.26176024 0.26193026 0.26203028 0.25752030 0.26586032 0.26602034 0.26640036 0.26651038 0.27111040 0.27376042 0.28128044 0.28166046 0.28278048 0.27947050 0.27967052 0.29325054 0.41226056 0.37212058 0.41260060 0.41391062 0.41856064 0.41898066 0.42829068 0.43280070 0.43860072 0.41262074 0.54483076 0.44451078 1.12334080 0.39811082 0.37582084 0.43029086 0.37210088 0.38778090 0.39195092 0.37193094 0.39621096 0.31770098 0.37398100 0.37922102 0.38802104 0.28982106 0.39057108 0.07878110 0.06625112 0.06404114 0.06761116 0.07623118 0.08855120 0.46615122 0.47133124 0.62351126 0.54242128 1.01546130 0.72796132 0.73580134 1.01975136 0.68920138 0.62154140 0.83606142 0.48365144 0.61304146 0.44855148 0.47618150 0.53872152 0.63562154 0.40782156 0.39616158 0.39075160 0.56689162 0.66960164 0.39562166 0.49603168 0.45312170 0.39618172 0.43015174 0.39352176 0.39618178 0.37395180 0.28223Angle(Degrees)	Distance(m)
  0 1.31783
002 0.81311
004 0.42658
006 0.26359
008 0.27364
010 0.27395
012 0.27398
014 0.27380
016 0.26874
018 0.26877
020 0.26826
022 0.26314
024 0.26310
026 0.25805
028 0.26190
030 0.26167
032 0.26204
034 0.26199
036 0.26194
038 0.26203
040 0.26199
042 0.27125
044 0.27116
046 0.27390
048 0.28167
050 0.28223
052 0.27921
054 0.27916
056 0.34255
058 0.35757
060 0.29516
062 0.28014
064 0.42210
066 0.40978
068 0.41556
070 0.41906
072 0.44233
074 0.42098
076 0.45672
078 0.42707
080 0.38014
082 0.32998
084 0.40057
086 0.37055
088 0.39997
090 0.37858
092 0.37895
094 0.39601
096 0.38371
098 0.38789
100 0.38768
102 0.36646
104 0.38477
106 0.37191
108 0.38288
110 0.28125
112 0.40180
114 0.74373
116 0.45696
118 0.74565
120 0.47674
122 0.79162
124 0.54339
126 1.30224
128 0.67472
130 0.74318
132 0.41261
134 0.51608
136 0.32541
138 0.64151
140 0.49729
142 0.84886
144 0.69981
146 1.16014
148 1.03628
150 0.93449
152 0.91044
154 0.95495
156 1.25056
158 1.18089
160 1.30767
162 0.31006
164 0.31054
166 0.31087
168 0.31981
170 0.32419
172 0.32616
174 1.30848
176 0.31920
178 0.33569
180 1.30439
Angle(Degrees)	Distance(m)
Angle(Degrees)	Distance(m)
