0  0.669
2  0.701
4  0.678
6  0.699
8  0.737
10  0.738
12  0.690
14  0.650
16  0.717
18  0.725
20  0.726
22  0.743
24  0.738
26  0.768
28  0.756
30  0.768
32  0.750
34  0.693
36  0.662
38  0.596
40  0.607
42  0.604
44  0.614
46  0.614
48  0.607
50  0.593
52  0.605
54  0.604
56  0.605
58  0.603
60  0.601
62  0.587
64  0.595
66  0.597
68  0.592
70  0.584
72  0.592
74  0.591
76  0.594
78  0.581
80  0.581
82  0.574
84  0.562
86  0.461
88  0.436
90  0.431
92  0.422
94  0.426
96  0.437
98  0.450
100  0.543
102  0.578
104  0.595
106  0.595
108  0.599
110  0.604
112  0.607
114  0.592
116  0.603
118  0.599
120  0.605
122  0.605
124  0.613
126  0.601
128  0.618
130  0.622
132  0.626
134  0.626
136  0.628
138  0.638
140  0.639
142  0.622
144  0.629
146  0.610
148  0.474
150  0.401
152  0.393
154  0.377
156  0.377
158  0.376
160  0.368
162  0.556
164  0.737
166  0.778
168  0.767
170  0.763
172  0.768
174  0.774
176  0.765
178  0.755
180  0.718