=~=~=~=~=~=~=~=~=~=~=~= PuTTY log 2024.10.16 15:55:02 =~=~=~=~=~=~=~=~=~=~=~=
42  33.433
44  32.355
46  29.848
48  29.961
50  28.639
52  27.960
54  25.925
56  21.700
58  24.813
60  23.883
62  22.638
64  22.537
66  20.986
68  21.104
70  20.545
72  19.605
74  19.258
76  17.658
78  19.225
80  18.611
82  17.893
84  17.601
86  17.731
88  19.403
90  20.574
92  20.556
94  20.515
96  19.831
98  18.883
100  19.386
102  19.785
104  19.475
106  20.168
108  20.082
110  20.574
112  20.956
114  21.325
116  22.376
118  23.321
120  24.766
122  24.933
124  26.725
126  27.535
128  28.823
130  28.905
132  30.618
134  32.387
136  32.980
138  35.210
140  35.429
142  37.715
144  39.582
146  41.189
148  42.138
150  42.816
152  43.205
154  39.393
156  24.639
158  14.983
160  15.369
162  20.527
164  25.699
166  45.611
168  73.603
170  55.576
172  55.038
174  77.869
176  76.823
178  61.877
180  63.112

Some obj angle:-27 

Some obj distance:28.340 

Some obj size:0.989 


Some obj angle:2 

Some obj distance:21.107 

Some obj size:19.156 


Some obj angle:42 

Some obj distance:36.993 

Some obj size:5.165 


Some obj angle:55 

Some obj distance:48.396 

Some obj size:1.689 


Some obj angle:64 

Some obj distance:19.211 

Some obj size:0.000 


smallest obj angle:-27 

smallest obj distance:28.340 


Some obj angle:-43 

Some obj distance:27.960 

Some obj size:6.832 


Some obj angle:14 

Some obj distance:17.601 

Some obj size:29.491 


Some obj angle:77 

Some obj distance:14.983 

Some obj size:4.707 


smallest obj angle:77 

smallest obj distance:14.983 

0  52.106
2  74.547
4  73.538
6  67.291
8  72.104
10  72.550
12  72.819
14  71.253
16  70.597
18  61.807
20  53.055
22  30.518
24  23.559
26  24.007
28  23.462
30  23.733
32  23.283
34  24.039
36  25.088
38  37.952
40  54.797
42  58.480
44  59.551
46  56.839
48  59.379
50  59.425
52  58.593
54  59.402
56  59.288
58  59.333
60  57.566
62  58.367
64  57.196
66  57.577
68  58.355
70  58.208
72  58.118
74  57.331
76  58.186
78  57.589
80  58.095
82  58.627
84  56.549
86  57.443
88  58.231
90  58.118
92  58.265
94  57.757
96  57.431
98  57.319
100  58.650
102  58.934
104  57.847
106  57.398
108  57.870
110  58.820
112  58.616
114  58.073
116  56.995
118  59.791
120  58.911
122  51.968
124  36.767
126  31.935
128  30.679
130  29.946
132  30.235
134  30.457
136  30.541
138  30.357
140  31.424
142  35.589
144  47.408
146  56.161
148  62.393
150  65.987
152  67.783
154  67.992
156  67.402
158  77.114
160  76.428
162  76.533
164  77.193
166  76.955
168  76.218
170  77.909
172  76.481
174  76.850
176  76.454
178  77.259
180  75.615

Some obj angle:-57 

Some obj distance:25.693 

Some obj size:24.215 


Some obj angle:-6 

Some obj distance:28.086 

Some obj size:17.647 


Some obj angle:14 

Some obj distance:28.727 

Some obj size:0.000 


smallest obj angle:-6 

smallest obj distance:28.086 


Some obj angle:-18 

Some obj distance:23.283 

Some obj size:39.010 


Some obj angle:36 

Some obj distance:29.946 

Some obj size:0.000 


smallest obj angle:63 

smallest obj distance:29.946 

0  0.546
2  0.723
4  0.745
6  0.739
8  0.682
10  0.710
12  0.727
14  0.748
16  0.742
18  0.722
20  0.688
22  0.674
24  0.709
26  0.684
28  0.492
30  0.254
32  0.206
34  0.198
36  0.186
38  0.182
40  0.187
42  0.192
44  0.207
46  0.308
48  0.509
50  0.577
52  0.592
54  0.593
56  0.585
58  0.589
60  0.576
62  0.593
64  0.582
66  0.587
68  0.592
70  0.584
72  0.586
74  0.582
76  0.593
78  0.588
80  0.593
82  0.592
84  0.578
86  0.590
88  0.571
90  0.586
92  0.585
94  0.571
96  0.589
98  0.591
100  0.587
102  0.580
104  0.597
106  0.599
108  0.586
110  0.591
112  0.587
114  0.587
116  0.593
118  0.551
120  0.367
122  0.296
124  0.287
126  0.278
128  0.283
130  0.283
132  0.282
134  0.289
136  0.297
138  0.304
140  0.395
142  0.522
144  0.607
146  0.629
148  0.654
150  0.659
152  0.671
154  0.708
156  0.742
158  0.769
160  0.770
162  0.773
164  0.776
166  0.770
168  0.772
170  0.757
172  0.756
174  0.753
176  0.774
178  0.748
180  0.744

Some obj angle:-48 

Some obj distance:21.921 

Some obj size:16.834 


Some obj angle:-7 

Some obj distance:47.250 

Some obj size:4.948 


Some obj angle:42 

Some obj distance:27.505 

Some obj size:30.722 


smallest obj angle:-7 

smallest obj distance:47.250 


Some obj angle:-16 

Some obj distance:18.236 

Some obj size:26.734 


Some obj angle:32 

Some obj distance:27.750 

Some obj size:0.000 


smallest obj angle:-16 

smallest obj distance:18.236 

0  0.632
2  0.732
4  0.745
6  0.729
8  0.678
10  0.740
12  0.738
14  0.741
16  0.740
18  0.575
20  0.662
22  0.631
24  0.613
26  0.319
28  0.196
30  0.173
32  0.167
34  0.161
36  0.156
38  0.162
40  0.168
42  0.182
44  0.296
46  0.486
48  0.570
50  0.582
52  0.579
54  0.584
56  0.577
58  0.585
60  0.577
62  0.580
64  0.578
66  0.583
68  0.595
70  0.592
72  0.583
74  0.594
76  0.595
78  0.594
80  0.583
82  0.585
84  0.589
86  0.597
88  0.578
90  0.597
92  0.598
94  0.597
96  0.575
98  0.578
100  0.589
102  0.599
104  0.599
106  0.575
108  0.599
110  0.598
112  0.600
114  0.576
116  0.470
118  0.307
120  0.277
122  0.280
124  0.275
126  0.281
128  0.273
130  0.280
132  0.291
134  0.283
136  0.322
138  0.432
140  0.582
142  0.622
144  0.640
146  0.644
148  0.668
150  0.676
152  0.707
154  0.777
156  0.778
158  0.769
160  0.770
162  0.755
164  0.779
166  0.776
168  0.772
170  0.769
172  0.779
174  0.765
176  0.756
178  0.733
180  0.721

Some obj angle:-47 

Some obj distance:20.371 

Some obj size:19.199 


Some obj angle:43 

Some obj distance:27.078 

Some obj size:36.862 


smallest obj angle:-47 

smallest obj distance:20.371 


Some obj angle:-19 

Some obj distance:15.591 

Some obj size:23.402 


Some obj angle:28 

Some obj distance:27.342 

Some obj size:0.000 


smallest obj angle:-19 

smallest obj distance:15.591 

0  0.628
2  0.729
4  0.744
6  0.746
8  0.724
10  0.743
12  0.756
14  0.738
16  0.737
18  0.756
20  0.768
22  0.745
24  0.752
26  0.761
28  0.703
30  0.660
32  0.589
34  0.605
36  0.565
38  0.452
40  0.354
42  0.346
44  0.318
46  0.337
48  0.349
50  0.448
52  0.543
54  0.581
56  0.601
58  0.600
60  0.584
62  0.588
64  0.596
66  0.593
68  0.586
70  0.592
72  0.598
74  0.592
76  0.584
78  0.585
80  0.596
82  0.596
84  0.578
86  0.597
88  0.599
90  0.584
92  0.586
94  0.591
96  0.598
98  0.595
100  0.588
102  0.586
104  0.595
106  0.595
108  0.605
110  0.595
112  0.581
114  0.594
116  0.578
118  0.501
120  0.235
122  0.164
124  0.149
126  0.138
128  0.137
130  0.130
132  0.133
134  0.133
136  0.128
138  0.138
140  0.146
142  0.158
144  0.171
146  0.184
148  0.257
150  0.419
152  0.569
154  0.685
156  0.760
158  0.773
160  0.759
162  0.767
164  0.770
166  0.766
168  0.775
170  0.779
172  0.776
174  0.772
176  0.737
178  0.711
180  0.726

Some obj angle:-76 

Some obj distance:39.627 

Some obj size:0.000 


Some obj angle:-43 

Some obj distance:33.184 

Some obj size:35.907 


Some obj angle:45 

Some obj distance:17.650 

Some obj size:15.402 


smallest obj angle:45 

smallest obj distance:17.650 


Some obj angle:-12 

Some obj distance:31.816 

Some obj size:42.202 


Some obj angle:58 

Some obj distance:12.756 

Some obj size:11.577 


smallest obj angle:58 

smallest obj distance:12.756 

0  0.459
2  0.694
4  0.678
6  0.704
8  0.713
10  0.748
12  0.755
14  0.737
16  0.717
18  0.748
20  0.749
22  0.731
24  0.755
26  0.752
28  0.760
30  0.661
32  0.712
34  0.669
36  0.603
38  0.424
40  0.338
42  0.285
44  0.268
46  0.271
48  0.272
50  0.274
52  0.284
54  0.424
56  0.550
58  0.597
60  0.584
62  0.603
64  0.603
66  0.604
68  0.585
70  0.586
72  0.599
74  0.590
76  0.596
78  0.606
80  0.604
82  0.591
84  0.599
86  0.595
88  0.588
90  0.607
92  0.594
94  0.596
96  0.600
98  0.601
100  0.595
102  0.594
104  0.607
106  0.606
108  0.597
110  0.608
112  0.609
114  0.597
116  0.593
118  0.604
120  0.601
122  0.600
124  0.599
126  0.600
128  0.474
130  0.239
132  0.199
134  0.185
136  0.174
138  0.173
140  0.169
142  0.168
144  0.168
146  0.177
148  0.178
150  0.187
152  0.196
154  0.207
156  0.230
158  0.313
160  0.626
162  0.764
164  0.773
166  0.765
168  0.770
170  0.766
172  0.767
174  0.769
176  0.771
178  0.776
180  0.764

Some obj angle:-39 

Some obj distance:27.964 

Some obj size:32.211 


Some obj angle:58 

Some obj distance:19.935 

Some obj size:19.483 


smallest obj angle:58 

smallest obj distance:19.935 


Some obj angle:-6 

Some obj distance:26.845 

Some obj size:39.356 


Some obj angle:42 

Some obj distance:16.835 

Some obj size:0.000 


smallest obj angle:66 

smallest obj distance:16.835 

0  0.607
2  0.770
4  0.771
6  0.771
8  0.762
10  0.759
12  0.771
14  0.772
16  0.763
18  0.762
20  0.771
22  0.762
24  0.773
26  0.773
28  0.759
30  0.761
32  0.750
34  0.737
36  0.684
38  0.595
40  0.418
42  0.333
44  0.332
46  0.329
48  0.324
50  0.319
52  0.307
54  0.382
56  0.605
58  0.692
60  0.723
62  0.678
64  0.643
66  0.624
68  0.616
70  0.614
72  0.598
74  0.614
76  0.614
78  0.599
80  0.610
82  0.612
84  0.592
86  0.612
88  0.611
90  0.608
92  0.618
94  0.568
96  0.603
98  0.655
100  0.624
102  0.586
104  0.645
106  0.687
108  0.655
110  0.646
112  0.646
114  0.652
116  0.646
118  0.649
120  0.604
122  0.559
124  0.443
126  0.365
128  0.352
130  0.340
132  0.348
134  0.341
136  0.342
138  0.367
140  0.496
142  0.599
144  0.625
146  0.612
148  0.635
150  0.636
152  0.623
154  0.632
156  0.617
158  0.636
160  0.650
162  0.608
164  0.592
166  0.631
168  0.621
170  0.632
172  0.646
174  0.657
176  0.666
178  0.683
180  0.671

Some obj angle:-40 

Some obj distance:31.355 

Some obj size:39.401 


Some obj angle:45 

Some obj distance:33.542 

Some obj size:38.636 


smallest obj angle:45 

smallest obj distance:33.542 


Some obj angle:-39 

Some obj distance:30.672 

Some obj size:9.635 


Some obj angle:53 

Some obj distance:33.997 

Some obj size:20.174 


smallest obj angle:-39 

smallest obj distance:30.672 

0  0.670
2  0.637
4  0.624
6  0.744
8  0.770
10  0.759
12  0.769
14  0.773
16  0.773
18  0.758
20  0.759
22  0.761
24  0.760
26  0.764
28  0.759
30  0.759
32  0.307
34  0.232
36  0.216
38  0.213
40  0.226
42  0.208
44  0.211
46  0.213
48  0.228
50  0.358
52  0.737
54  0.753
56  0.733
58  0.742
60  0.709
62  0.716
64  0.677
66  0.614
68  0.620
70  0.598
72  0.592
74  0.610
76  0.604
78  0.595
80  0.604
82  0.592
84  0.608
86  0.593
88  0.608
90  0.604
92  0.611
94  0.616
96  0.615
98  0.622
100  0.636
102  0.699
104  0.698
106  0.629
108  0.463
110  0.319
112  0.302
114  0.285
116  0.285
118  0.290
120  0.289
122  0.290
124  0.287
126  0.304
128  0.335
130  0.467
132  0.576
134  0.596
136  0.596
138  0.630
140  0.638
142  0.639
144  0.636
146  0.632
148  0.617
150  0.642
152  0.641
154  0.638
156  0.621
158  0.624
160  0.628
162  0.627
164  0.620
166  0.650
168  0.615
170  0.635
172  0.660
174  0.708
176  0.667
178  0.672
180  0.681

Some obj angle:-48 

Some obj distance:23.036 

Some obj size:17.690 


Some obj angle:27 

Some obj distance:27.947 

Some obj size:34.142 


smallest obj angle:-48 

smallest obj distance:23.036 


Some obj angle:-44 

Some obj distance:20.844 

Some obj size:8.731 


Some obj angle:48 

Some obj distance:28.514 

Some obj size:27.868 


smallest obj angle:-44 

smallest obj distance:20.844 

0  0.646
2  0.636
4  0.759
6  0.761
8  0.769
10  0.760
12  0.761
14  0.769
16  0.770
18  0.769
20  0.759
22  0.761
24  0.757
26  0.767
28  0.574
30  0.321
32  0.298
34  0.294
36  0.287
38  0.279
40  0.258
42  0.262
44  0.269
46  0.280
48  0.293
50  0.294
52  0.296
54  0.436
56  0.681
58  0.647
60  0.648
62  0.646
64  0.608
66  0.591
68  0.602
70  0.598
72  0.603
74  0.606
76  0.613
78  0.616
80  0.615
82  0.605
84  0.612
86  0.621
88  0.609
90  0.617
92  0.632
94  0.649
96  0.698
98  0.722
100  0.720
102  0.686
104  0.646
106  0.641
108  0.640
110  0.625
112  0.620
114  0.638
116  0.619
118  0.614
120  0.617
122  0.549
124  0.378
126  0.236
128  0.218
130  0.221
132  0.234
134  0.217
136  0.227
138  0.306
140  0.476
142  0.601
144  0.612
146  0.595
148  0.608
150  0.612
152  0.611
154  0.626
156  0.619
158  0.624
160  0.617
162  0.610
164  0.596
166  0.658
168  0.654
170  0.678
172  0.683
174  0.678
176  0.664
178  0.625
180  0.655

Some obj angle:-48 

Some obj distance:27.753 

Some obj size:32.937 


Some obj angle:-7 

Some obj distance:37.884 

Some obj size:3.967 


Some obj angle:16 

Some obj distance:31.163 

Some obj size:0.000 


Some obj angle:22 

Some obj distance:34.475 

Some obj size:2.407 


Some obj angle:46 

Some obj distance:23.257 

Some obj size:16.236 


smallest obj angle:22 

smallest obj distance:34.475 


Some obj angle:-47 

Some obj distance:25.788 

Some obj size:11.702 


Some obj angle:61 

Some obj distance:21.682 

Some obj size:18.920 


smallest obj angle:-47 

smallest obj distance:25.788 

0  0.466
2  0.690
4  0.699
6  0.718
8  0.735
10  0.724
12  0.662
14  0.727
16  0.713
18  0.688
20  0.701
22  0.697
24  0.693
26  0.686
28  0.724
30  0.710
32  0.603
34  0.604
36  0.548
38  0.562
40  0.485
42  0.343
44  0.308
46  0.317
48  0.322
50  0.307
52  0.348
54  0.459
56  0.557
58  0.591
60  0.589
62  0.593
64  0.594
66  0.576
68  0.587
70  0.584
72  0.585
74  0.580
76  0.575
78  0.585
80  0.584
82  0.570
84  0.578
86  0.587
88  0.575
90  0.578
92  0.574
94  0.586
96  0.586
98  0.573
100  0.588
102  0.589
104  0.594
106  0.575
108  0.575
110  0.587
112  0.583
114  0.589
116  0.589
118  0.573
120  0.481
122  0.257
124  0.172
126  0.159
128  0.149
130  0.137
132  0.141
134  0.142
136  0.140
138  0.141
140  0.142
142  0.153
144  0.168
146  0.174
148  0.221
150  0.324
152  0.500
154  0.615
156  0.681
158  0.684
160  0.771
162  0.776
164  0.768
166  0.774
168  0.770
170  0.759
172  0.769
174  0.762
176  0.776
178  0.755
180  0.735

Some obj angle:-29 

Some obj distance:28.686 

Some obj size:39.051 


Some obj angle:22 

Some obj distance:28.236 

Some obj size:0.000 


Some obj angle:51 

Some obj distance:18.024 

Some obj size:16.987 


smallest obj angle:51 

smallest obj distance:18.024 


Some obj angle:-53 

Some obj distance:54.776 

Some obj size:1.912 


Some obj angle:-48 

Some obj distance:34.277 

Some obj size:0.000 


Some obj angle:-9 

Some obj distance:30.672 

Some obj size:39.613 


Some obj angle:32 

Some obj distance:25.664 

Some obj size:0.000 


smallest obj angle:62 

smallest obj distance:13.674 

0  0.546
2  0.684
4  0.693
6  0.678
8  0.690
10  0.720
12  0.737
14  0.731
16  0.643
18  0.719
20  0.687
22  0.672
24  0.688
26  0.681
28  0.703
30  0.653
32  0.632
34  0.602
36  0.380
38  0.276
40  0.205
42  0.191
44  0.181
46  0.189
48  0.183
50  0.182
52  0.196
54  0.286
56  0.465
58  0.570
60  0.576
62  0.585
64  0.579
66  0.584
68  0.592
70  0.581
72  0.578
74  0.575
76  0.566
78  0.572
80  0.577
82  0.584
84  0.575
86  0.561
88  0.579
90  0.586
92  0.578
94  0.588
96  0.589
98  0.574
100  0.574
102  0.591
104  0.590
106  0.581
108  0.587
110  0.578
112  0.570
114  0.600
116  0.589
118  0.586
120  0.601
122  0.587
124  0.567
126  0.469
128  0.343
130  0.327
132  0.320
134  0.327
136  0.322
138  0.325
140  0.322
142  0.333
144  0.347
146  0.464
148  0.593
150  0.624
152  0.646
154  0.653
156  0.678
158  0.721
160  0.764
162  0.783
164  0.768
166  0.775
168  0.764
170  0.776
172  0.777
174  0.776
176  0.763
178  0.776
180  0.770

Some obj angle:-34 

Some obj distance:21.024 

Some obj size:19.080 


Some obj angle:45 

Some obj distance:30.516 

Some obj size:35.151 


smallest obj angle:-34 

smallest obj distance:21.024 


Some obj angle:-8 

Some obj distance:18.146 

Some obj size:27.869 


smallest obj angle:-8 

smallest obj distance:18.146 

0  0.669
2  0.701
4  0.678
6  0.699
8  0.737
10  0.738
12  0.690
14  0.650
16  0.717
18  0.725
20  0.726
22  0.743
24  0.738
26  0.768
28  0.756
30  0.768
32  0.750
34  0.693
36  0.662
38  0.596
40  0.607
42  0.604
44  0.614
46  0.614
48  0.607
50  0.593
52  0.605
54  0.604
56  0.605
58  0.603
60  0.601
62  0.587
64  0.595
66  0.597
68  0.592
70  0.584
72  0.592
74  0.591
76  0.594
78  0.581
80  0.581
82  0.574
84  0.562
86  0.461
88  0.436
90  0.431
92  0.422
94  0.426
96  0.437
98  0.450
100  0.543
102  0.578
104  0.595
106  0.595
108  0.599
110  0.604
112  0.607
114  0.592
116  0.603
118  0.599
120  0.605
122  0.605
124  0.613
126  0.601
128  0.618
130  0.622
132  0.626
134  0.626
136  0.628
138  0.638
140  0.639
142  0.622
144  0.629
146  0.610
148  0.474
150  0.401
152  0.393
154  0.377
156  0.377
158  0.376
160  0.368
162  0.556
164  0.737
166  0.778
168  0.767
170  0.763
172  0.768
174  0.774
176  0.765
178  0.755
180  0.718

Some obj angle:3 

Some obj distance:45.052 

Some obj size:48.749 


Some obj angle:69 

Some obj distance:39.809 

Some obj size:26.402 


smallest obj angle:69 

smallest obj distance:39.809 


Some obj angle:26 

Some obj distance:42.223 

Some obj size:44.214 


smallest obj angle:74 

smallest obj distance:37.619 

