0 0.700
2 0.700
4 0.700
6 0.700
8 0.700
10 0.700
12 0.700
14 0.700
16 0.700
18 0.700
20 0.700
22 0.700
24 0.700
26 0.700
28 0.700
30 0.700
32 0.700
34 0.700
36 0.700
38 0.700
40 0.700
42 0.700
44 0.700
46 0.700
48 0.700
50 0.415
52 0.415
54 0.415
56 0.415
58 0.415
60 0.415
62 0.415
64 0.415
66 0.415
68 0.415
70 0.700
72 0.700
74 0.700
76 0.700
78 0.700
80 0.700
82 0.700
84 0.700
86 0.700
88 0.700
90 0.700
92 0.700
94 0.700
96 0.700
98 0.700
100 0.700
102 0.700
104 0.700
106 0.700
108 0.700
110 0.700
112 0.700
114 0.700
116 0.700
118 0.700
120 0.700
122 0.337
124 0.337
126 0.337
128 0.337
130 0.337
132 0.337
134 0.337
136 0.700
138 0.700
140 0.700
142 0.700
144 0.700
146 0.700
148 0.700
150 0.700
152 0.700
154 0.700
156 0.700
158 0.700
160 0.700
162 0.700
164 0.700
166 0.700
168 0.700
170 0.700
172 0.700
174 0.670
176 0.649
178 0.622
180 0.586